[printer:TLM]
autoemit_temperature_commands = 0
bed_custom_model = 
bed_custom_texture = 
bed_shape = 149.178x15.6793,146.722x31.1868,142.658x46.3525,137.032x61.0105,129.904x75,121.353x88.1678,111.472x100.37,100.37x111.472,88.1678x121.353,75x129.904,61.0105x137.032,46.3525x142.658,31.1868x146.722,15.6793x149.178,4.24915e-14x150,-15.6793x149.178,-31.1868x146.722,-46.3525x142.658,-61.0105x137.032,-75x129.904,-88.1678x121.353,-100.37x111.472,-111.472x100.37,-121.353x88.1678,-129.904x75,-137.032x61.0105,-142.658x46.3525,-146.722x31.1868,-149.178x15.6793,-150x8.49831e-14,-149.178x-15.6793,-146.722x-31.1868,-142.658x-46.3525,-137.032x-61.0105,-129.904x-75,-121.353x-88.1678,-111.472x-100.37,-100.37x-111.472,-88.1678x-121.353,-75x-129.904,-61.0105x-137.032,-46.3525x-142.658,-31.1868x-146.722,-15.6793x-149.178,-2.75546e-14x-150,15.6793x-149.178,31.1868x-146.722,46.3525x-142.658,61.0105x-137.032,75x-129.904,88.1678x-121.353,100.37x-111.472,111.472x-100.37,121.353x-88.1678,129.904x-75,137.032x-61.0105,142.658x-46.3525,146.722x-31.1868,149.178x-15.6793,150x-1.69966e-13
before_layer_gcode = {if layer_num > 1}M140 S{bed_temperature[0] + 10}\n{endif}\n
between_objects_gcode = 
binary_gcode = 0
color_change_gcode = M600
cooling_tube_length = 5
cooling_tube_retraction = 91.5
default_filament_profile = 
default_print_profile = 
deretract_speed = 0
end_gcode = G92 E0\nG1 E-3.0 F9000\nM104 S0\nM140 S0\nM106 S0\nG28\nM84\n
extra_loading_move = -2
extruder_colour = ""
extruder_offset = 0x0
gcode_flavor = reprap
high_current_on_filament_swap = 0
host_type = duet
inherits = 
layer_gcode = 
machine_limits_usage = emit_to_gcode
machine_max_acceleration_e = 10000,5000
machine_max_acceleration_extruding = 1500,1250
machine_max_acceleration_retracting = 1500,1250
machine_max_acceleration_travel = 1500,1250
machine_max_acceleration_x = 9000,1000
machine_max_acceleration_y = 9000,1000
machine_max_acceleration_z = 500,200
machine_max_feedrate_e = 120,120
machine_max_feedrate_x = 500,200
machine_max_feedrate_y = 500,200
machine_max_feedrate_z = 12,12
machine_max_jerk_e = 2.5,2.5
machine_max_jerk_x = 10,10
machine_max_jerk_y = 10,10
machine_max_jerk_z = 0.2,0.4
machine_min_extruding_rate = 0,0
machine_min_travel_rate = 0,0
max_layer_height = 0.4
max_print_height = 500
min_layer_height = 0.175
multimaterial_purging = 140
nozzle_diameter = 0.6
nozzle_high_flow = 0
parking_pos_retraction = 92
pause_print_gcode = M601
prefer_clockwise_movements = 0
print_host = 
printer_model = 
printer_notes = 
printer_settings_id = 
printer_technology = FFF
printer_variant = 
printer_vendor = 
printhost_apikey = 
printhost_cafile = 
remaining_times = 0
retract_before_travel = 2
retract_before_wipe = 0%
retract_layer_change = 0
retract_length = 3
retract_length_toolchange = 10
retract_lift = 0.25
retract_lift_above = 0
retract_lift_below = 0
retract_restart_extra = 0
retract_restart_extra_toolchange = 0
retract_speed = 35
silent_mode = 1
single_extruder_multi_material = 0
start_gcode = M140 S{first_layer_bed_temperature[0] + 10}	; start warming the bed\nM104 S{first_layer_temperature[0] * 0.7}      ; start warming the nozzle\nG28\nM109 S{first_layer_temperature[0] * 0.7}     ; wait for probe temp\nM190 S{first_layer_bed_temperature[0] + 10}	; wait for bed temp\n\n; Smash down anything on the nozzle\nG1 X0 Y0 Z50 F12000\nG1 X0 Y-150 Z5 F6000\nG30 S-1\nG1 X0 Y-150 Z5 F6000\nG30 S-1\nG1 X0 Y-150 Z5 F6000\nG30 S-1\nG1 X0 Y0 Z50 F6000\n\n; Now run delta auto-calibration\nG32\n\nG1 X0 Y0 Z50 F6000	; move back away from the bed\nM109 S[first_layer_temperature_0]\n
template_custom_gcode = 
thumbnails = 
thumbnails_format = PNG
toolchange_gcode = 
travel_lift_before_obstacle = 0
travel_max_lift = 0.25
travel_ramping_lift = 1
travel_slope = 45
use_firmware_retraction = 0
use_relative_e_distances = 0
use_volumetric_e = 0
variable_layer_height = 1
wipe = 0
z_offset = 0
